[config]
run_type = image

system = double_pendulum
t = 0, 100, 0.005

endpoint = lower_flip

width = 20000
height = 20000

[defaults]
l1 = 1
l2 = 1
m1 = 3
m2 = 1
g = 9.8
dphi1 = 0
dphi2 = 0

[vertical]
phi1 = -6.28318530718, 6.28318530718

[horizontal]
phi2 = -6.28318530718, 6.28318530718
