;from 00004.inp
[config]
system = springy_pendulum
run_type = image

endpoint = upper_flip

t = 0, 400, 0.01

height = 20000
width = 20000

[defaults]
dr = 1
phi1 = 0
dphi1 = 0.43192050030467
dphi2 = 0.09044928120354445
m1 = 1
m2 = 1
r_0 = 0
k = 1
l = 1
g = 9.8

[horizontal]
r = 0.615, 0.675

[vertical]
phi2 = 0.965, 1.035
