; sweep_0000/0093.inp
[config]
system = springy_pendulum
run_type = image

endpoint = lower_flip

t = 0, 400, 0.01

height = 20000
width = 20000

[defaults]
dr = 1
phi1 = 0
dphi1 = -0.07682309354116068
dphi2 = -2.9454932787326253
m1 = 1
m2 = 1
r_0 = 0
k = 1
l = 1
g = 9.8

[horizontal]
r = 0.3, 2.8

[vertical]
phi2 = 1.1, 2.5
