;sweep_0000/0315.inp
[config]
system = springy_pendulum
run_type = image

endpoint = lower_flip

t = 0, 400, 0.01

height = 5000
width = 5000

[defaults]
dr = 1
phi1 = 0
dphi1 = -0.33576976247197
dphi2 = -2.568985060416878
m1 = 1
m2 = 1
r_0 = 0
k = 1
l = 1
g = 9.8

[horizontal]
r = 0.5, 2

[vertical]
phi2 = 0.5, 2
