system = springy_pendulum
r = 0.0005,20000, 10
;restart = true

t=0,0.01,250
phi1 = -3.1415926,2002, 3.1415926
r = 0.0005,20000, 10
dr = 0
dphi1 = -4
dphi2 = 4
plot = r, phi1
