[config]
system = springy_pendulum
rule = lower_flip
validate = energy
restart = true

t = 0, 0.001, 300

width = 5000
height = 5000

[horizontal]
phi2 = -0.75, -0.25

[vertical]
dr = -1.25, -0.5

[defaults]
r = 0.185979
phi1 = 0.907444
dphi1 = -0.342795
dphi2 = 0.030403
m1 = 1
m2 = 1
r_0 = 1
k = 1
l = 1
g = 9.8
