[config]
system = springy_pendulum
rule = lower_flip
validate = energy
restart = true

t = 0, 0.001, 300

width = 20000
height = 20000

[horizontal]
phi2 = -0.655, -0.605
;phi2 = -0.7, -0.6

[vertical]
dr = -1.17, -1.09
;dr = -1.2, -1

[defaults]
r = 0.185979
phi1 = 0.907444
dphi1 = -0.342795
dphi2 = 0.030403
m1 = 1
m2 = 1
r_0 = 1
k = 1
l = 1
g = 9.8
