[config]
system = double_spring
rule = lower_flip
validate = energy
restart = true

t=0,0.002,200

width = 20000
height = 10000

[defaults]
dr1 = 2
dr2 = 1
m1 = 1
m2 = 1
k1 = 1
k2 = 1
r1 = 1
r2 = 1
r1_0 = 1
r2_0 = 1

dphi1 = 0
dphi2 = 0
g = 9.8

[horizontal]
phi1 = -3.1415926, 3.1415926

[vertical]
phi2 = -3.1415926, 0
