dphi1 = 0.0
dphi2 = 0.0
dr1 = 2.0
dr2 = 3.0
g = 9.8
k1 = 1.0
k2 = 1.0
m1 = 1.0
m2 = 1.0
phi1 = -3.1415926,5000,3.1415926
phi2 = -3.1415926,5000,3.1415926
plot = phi2,phi1
r1 = 1.0
r10 = 1.0
r2 = 1.0
r20 = 1.0
rule = lower_flip
system = double_spring
t = 0,0.002,100.0
