[config]
system = double_spring
rule = lower_flip
validate = energy

t=0,0.01,200

width = 2000
height = 1000

[defaults]
dr1 = 2
dr2 = -1
m1 = 1
m2 = 1
k1 = 1
k2 = 1
r1 = 0.5
r2 = 1
r1_0 = 1
r2_0 = 1

dphi1 = -1
dphi2 = 1
g = 9.8

[horizontal]
phi1 = -3.1415926, 3.1415926

[vertical]
phi2 = -3.1415926, 3.1415926
