; sweep_0000/0052.inp
[config]
system = dangling_stick
run_type = image

endpoint = lower_flip

t = 0, 400, 0.01

height = 4000
width = 4000

[defaults]
dr = 1
phi1 = 0
dphi1 = 0.4807544860513664
dphi2 = 1.775950026831131
m1 = 1
m2 = 1
r_0 = 0
k = 1
l = 1
g = 9.8

[horizontal]
r = 0.8, 2

[vertical]
phi2 = 0.5, 1.10
