;from sweep_0000/0993.inp
[config]
system = dangling_stick
run_type = image

endpoint = lower_flip

t = 0, 600, 0.01

height = 20000
width = 20000

[defaults]
dr = 1
phi1 = 0
dphi1 = -0.6975580534210359
dphi2 = 2.3534957248063213
m1 = 1
m2 = 1
r_0 = 0
k = 1
l = 1
g = 9.8

[horizontal]
r = 0.5, 2.5

[vertical]
phi2 = 0.5, 1.5
