; from 00009.inp

[config]
system = dangling_stick
run_type = image

endpoint = lower_flip

t = 0, 400, 0.01

height = 10000
width = 20000

[defaults]
dr = 1
phi1 = 0
dphi1 = 0.5491379030552288
dphi2 = -1.3302283674613933
m1 = 1
m2 = 1
r_0 = 0
k = 1
l = 1
g = 9.8

[horizontal]
;r = 1.1875, 1.5
r = 1.35, 1.395

[vertical]
;phi2 = 0.85, 1.1
phi2 = 1.0125, 1.0445
