; 00011.inp
[config]
system = dangling_stick
run_type = image

endpoint = lower_flip

t = 0, 400, 0.01

height = 20000
width = 20000

[defaults]
dr = 1
phi1 = 0
dphi1 = 0.41217974013573455
dphi2 = -1.4147864038752527
m1 = 1
m2 = 1
r_0 = 0
k = 1
l = 1
g = 9.8

[horizontal]
r = 1.30, 1.305

[vertical]
phi2 = 0.89988, 0.90128
