[config]
system = springy_pendulum
rule = lower_flip
validate = energy

t = 0, 0.002, 200

width = 5000
height = 5000

[horizontal]
phi2 = -3.141593, 3.141593

[vertical]
dr = -2, 2

[defaults]
r = 0.141825
phi1 = 0.296417
dphi1 = 0.450972
dphi2 = 0.338712
m1 = 1
m2 = 1
r_0 = 1
k = 1
l = 1
g = 9.8
