system = dangling_stick
r = 0.0005,10000, 5
;restart = true

t = 0, 0.01, 250
r = 0.0005,10000, 5
phi2 = -3.1415926,12568, 3.1415926
dr = 2
dphi2 = -2
m1 = 0.9
m2 = 1
plot = r, phi2
