system = dangling_stick
r = 0.0005,20000, 10
;restart = true

t = 0, 0.01, 250
r = 0.0005,20000, 10
phi2 = -3.1415926,20001, 3.1415926
dr = 2
dphi2 = -2
plot = r, phi2
