system = dangling_stick
r = 0.5,10001, 1.50000
;restart = true

t = 0, 0.01, 200
phi2 = 1.75,10001, 2.75
r = 0.5,10001, 1.50000
dr = 2
dphi2 = -2
m1 = 1
m2 = 1
plot = r, phi2
