system = dangling_stick
r = 0.0005,20000, 10
restart = true

t = 0, 0.01, 300
r = 0.0005,20000, 10
phi2 = -3.1415926535897932385,20001, 3.1415926535897932385
dr = 2
dphi2 = -2
m1 = 1
m2 = 1
k = 1
r = 0.0005,20000, 10
plot = r, phi2
